{
 "cells": [
  {
   "cell_type": "code",
   "execution_count": 1,
   "metadata": {},
   "outputs": [
    {
     "name": "stdout",
     "output_type": "stream",
     "text": [
      "sample_submission.csv\n",
      "test.json\n",
      "train.json\n",
      "\n"
     ]
    }
   ],
   "source": [
    "import os\n",
    "import numpy as np \n",
    "import pandas as pd \n",
    "from subprocess import check_output\n",
    "print(check_output([\"ls\", \"../input\"]).decode(\"utf8\"))"
   ]
  },
  {
   "cell_type": "code",
   "execution_count": 25,
   "metadata": {},
   "outputs": [
    {
     "data": {
      "text/html": [
       "<div>\n",
       "<style scoped>\n",
       "    .dataframe tbody tr th:only-of-type {\n",
       "        vertical-align: middle;\n",
       "    }\n",
       "\n",
       "    .dataframe tbody tr th {\n",
       "        vertical-align: top;\n",
       "    }\n",
       "\n",
       "    .dataframe thead th {\n",
       "        text-align: right;\n",
       "    }\n",
       "</style>\n",
       "<table border=\"1\" class=\"dataframe\">\n",
       "  <thead>\n",
       "    <tr style=\"text-align: right;\">\n",
       "      <th></th>\n",
       "      <th>id</th>\n",
       "      <th>is_iceberg_0</th>\n",
       "      <th>is_iceberg_1</th>\n",
       "      <th>is_iceberg_2</th>\n",
       "      <th>is_iceberg_3</th>\n",
       "      <th>is_iceberg_4</th>\n",
       "      <th>is_iceberg_5</th>\n",
       "      <th>is_iceberg_6</th>\n",
       "      <th>is_iceberg_7</th>\n",
       "      <th>is_iceberg_8</th>\n",
       "      <th>is_iceberg_9</th>\n",
       "      <th>is_iceberg_10</th>\n",
       "      <th>is_iceberg_11</th>\n",
       "      <th>is_iceberg_12</th>\n",
       "      <th>is_iceberg_13</th>\n",
       "      <th>is_iceberg_14</th>\n",
       "      <th>is_iceberg_15</th>\n",
       "    </tr>\n",
       "  </thead>\n",
       "  <tbody>\n",
       "    <tr>\n",
       "      <th>0</th>\n",
       "      <td>5941774d</td>\n",
       "      <td>8.208603e-01</td>\n",
       "      <td>2.113678e-01</td>\n",
       "      <td>7.684613e-02</td>\n",
       "      <td>9.822837e-02</td>\n",
       "      <td>5.350215e-01</td>\n",
       "      <td>2.136537e-01</td>\n",
       "      <td>3.114783e-01</td>\n",
       "      <td>1.948244e-01</td>\n",
       "      <td>1.857867e-01</td>\n",
       "      <td>1.779519e-01</td>\n",
       "      <td>2.551385e-01</td>\n",
       "      <td>1.913592e-01</td>\n",
       "      <td>5.082276e-01</td>\n",
       "      <td>9.943777e-01</td>\n",
       "      <td>4.311562e-01</td>\n",
       "      <td>1.732936e-01</td>\n",
       "    </tr>\n",
       "    <tr>\n",
       "      <th>1</th>\n",
       "      <td>4023181e</td>\n",
       "      <td>1.391713e-03</td>\n",
       "      <td>1.109537e-02</td>\n",
       "      <td>1.128476e-04</td>\n",
       "      <td>4.759727e-03</td>\n",
       "      <td>2.217649e-01</td>\n",
       "      <td>1.733380e-02</td>\n",
       "      <td>1.823818e-02</td>\n",
       "      <td>2.566114e-02</td>\n",
       "      <td>1.292954e-02</td>\n",
       "      <td>1.512497e-02</td>\n",
       "      <td>1.163385e-03</td>\n",
       "      <td>1.832700e-02</td>\n",
       "      <td>6.428310e-04</td>\n",
       "      <td>2.722068e-03</td>\n",
       "      <td>1.180011e-02</td>\n",
       "      <td>4.416813e-04</td>\n",
       "    </tr>\n",
       "    <tr>\n",
       "      <th>2</th>\n",
       "      <td>b20200e4</td>\n",
       "      <td>2.669304e-18</td>\n",
       "      <td>9.783197e-15</td>\n",
       "      <td>1.392139e-37</td>\n",
       "      <td>7.082967e-34</td>\n",
       "      <td>2.463550e-12</td>\n",
       "      <td>4.384582e-10</td>\n",
       "      <td>3.838881e-14</td>\n",
       "      <td>1.901493e-09</td>\n",
       "      <td>1.023116e-14</td>\n",
       "      <td>6.522131e-15</td>\n",
       "      <td>3.722786e-11</td>\n",
       "      <td>2.218409e-09</td>\n",
       "      <td>2.971810e-25</td>\n",
       "      <td>7.389390e-16</td>\n",
       "      <td>2.105234e-11</td>\n",
       "      <td>1.944705e-14</td>\n",
       "    </tr>\n",
       "    <tr>\n",
       "      <th>3</th>\n",
       "      <td>e7f018bb</td>\n",
       "      <td>9.995580e-01</td>\n",
       "      <td>9.783357e-01</td>\n",
       "      <td>9.948302e-01</td>\n",
       "      <td>9.966075e-01</td>\n",
       "      <td>8.335736e-01</td>\n",
       "      <td>9.709496e-01</td>\n",
       "      <td>9.998415e-01</td>\n",
       "      <td>9.671935e-01</td>\n",
       "      <td>9.687440e-01</td>\n",
       "      <td>9.623370e-01</td>\n",
       "      <td>9.931045e-01</td>\n",
       "      <td>9.637415e-01</td>\n",
       "      <td>9.756654e-01</td>\n",
       "      <td>9.999923e-01</td>\n",
       "      <td>9.999506e-01</td>\n",
       "      <td>9.992560e-01</td>\n",
       "    </tr>\n",
       "    <tr>\n",
       "      <th>4</th>\n",
       "      <td>4371c8c3</td>\n",
       "      <td>3.596229e-02</td>\n",
       "      <td>1.043914e-01</td>\n",
       "      <td>1.365491e-02</td>\n",
       "      <td>1.460801e-01</td>\n",
       "      <td>6.546348e-02</td>\n",
       "      <td>2.848466e-01</td>\n",
       "      <td>6.267171e-01</td>\n",
       "      <td>2.704604e-01</td>\n",
       "      <td>2.331907e-01</td>\n",
       "      <td>8.392624e-02</td>\n",
       "      <td>7.872732e-01</td>\n",
       "      <td>2.713943e-01</td>\n",
       "      <td>7.195781e-01</td>\n",
       "      <td>6.788763e-01</td>\n",
       "      <td>7.039080e-01</td>\n",
       "      <td>4.287402e-02</td>\n",
       "    </tr>\n",
       "  </tbody>\n",
       "</table>\n",
       "</div>"
      ],
      "text/plain": [
       "         id  is_iceberg_0  is_iceberg_1  is_iceberg_2  is_iceberg_3  \\\n",
       "0  5941774d  8.208603e-01  2.113678e-01  7.684613e-02  9.822837e-02   \n",
       "1  4023181e  1.391713e-03  1.109537e-02  1.128476e-04  4.759727e-03   \n",
       "2  b20200e4  2.669304e-18  9.783197e-15  1.392139e-37  7.082967e-34   \n",
       "3  e7f018bb  9.995580e-01  9.783357e-01  9.948302e-01  9.966075e-01   \n",
       "4  4371c8c3  3.596229e-02  1.043914e-01  1.365491e-02  1.460801e-01   \n",
       "\n",
       "   is_iceberg_4  is_iceberg_5  is_iceberg_6  is_iceberg_7  is_iceberg_8  \\\n",
       "0  5.350215e-01  2.136537e-01  3.114783e-01  1.948244e-01  1.857867e-01   \n",
       "1  2.217649e-01  1.733380e-02  1.823818e-02  2.566114e-02  1.292954e-02   \n",
       "2  2.463550e-12  4.384582e-10  3.838881e-14  1.901493e-09  1.023116e-14   \n",
       "3  8.335736e-01  9.709496e-01  9.998415e-01  9.671935e-01  9.687440e-01   \n",
       "4  6.546348e-02  2.848466e-01  6.267171e-01  2.704604e-01  2.331907e-01   \n",
       "\n",
       "   is_iceberg_9  is_iceberg_10  is_iceberg_11  is_iceberg_12  is_iceberg_13  \\\n",
       "0  1.779519e-01   2.551385e-01   1.913592e-01   5.082276e-01   9.943777e-01   \n",
       "1  1.512497e-02   1.163385e-03   1.832700e-02   6.428310e-04   2.722068e-03   \n",
       "2  6.522131e-15   3.722786e-11   2.218409e-09   2.971810e-25   7.389390e-16   \n",
       "3  9.623370e-01   9.931045e-01   9.637415e-01   9.756654e-01   9.999923e-01   \n",
       "4  8.392624e-02   7.872732e-01   2.713943e-01   7.195781e-01   6.788763e-01   \n",
       "\n",
       "   is_iceberg_14  is_iceberg_15  \n",
       "0   4.311562e-01   1.732936e-01  \n",
       "1   1.180011e-02   4.416813e-04  \n",
       "2   2.105234e-11   1.944705e-14  \n",
       "3   9.999506e-01   9.992560e-01  \n",
       "4   7.039080e-01   4.287402e-02  "
      ]
     },
     "execution_count": 25,
     "metadata": {},
     "output_type": "execute_result"
    }
   ],
   "source": [
    "sub_path = \"../\"\n",
    "all_files = [name for name in os.listdir(sub_path) if 'submission' in name]\n",
    "\n",
    "# Read and concatenate submissions\n",
    "outs = [pd.read_csv(os.path.join(sub_path, f), index_col=0) for f in all_files]\n",
    "concat_sub = pd.concat(outs, axis=1)\n",
    "cols = list(map(lambda x: \"is_iceberg_\" + str(x), range(len(concat_sub.columns))))\n",
    "concat_sub.columns = cols\n",
    "concat_sub.reset_index(inplace=True)\n",
    "concat_sub.head()"
   ]
  },
  {
   "cell_type": "code",
   "execution_count": 14,
   "metadata": {},
   "outputs": [
    {
     "data": {
      "text/html": [
       "<div>\n",
       "<style scoped>\n",
       "    .dataframe tbody tr th:only-of-type {\n",
       "        vertical-align: middle;\n",
       "    }\n",
       "\n",
       "    .dataframe tbody tr th {\n",
       "        vertical-align: top;\n",
       "    }\n",
       "\n",
       "    .dataframe thead th {\n",
       "        text-align: right;\n",
       "    }\n",
       "</style>\n",
       "<table border=\"1\" class=\"dataframe\">\n",
       "  <thead>\n",
       "    <tr style=\"text-align: right;\">\n",
       "      <th></th>\n",
       "      <th>is_iceberg_0</th>\n",
       "      <th>is_iceberg_1</th>\n",
       "      <th>is_iceberg_2</th>\n",
       "      <th>is_iceberg_3</th>\n",
       "      <th>is_iceberg_4</th>\n",
       "      <th>is_iceberg_5</th>\n",
       "      <th>is_iceberg_6</th>\n",
       "      <th>is_iceberg_7</th>\n",
       "      <th>is_iceberg_8</th>\n",
       "      <th>is_iceberg_9</th>\n",
       "      <th>is_iceberg_10</th>\n",
       "      <th>is_iceberg_11</th>\n",
       "      <th>is_iceberg_12</th>\n",
       "      <th>is_iceberg_13</th>\n",
       "      <th>is_iceberg_14</th>\n",
       "      <th>is_iceberg_15</th>\n",
       "    </tr>\n",
       "  </thead>\n",
       "  <tbody>\n",
       "    <tr>\n",
       "      <th>is_iceberg_0</th>\n",
       "      <td>1.000000</td>\n",
       "      <td>0.788489</td>\n",
       "      <td>0.903754</td>\n",
       "      <td>0.909394</td>\n",
       "      <td>0.911877</td>\n",
       "      <td>0.837945</td>\n",
       "      <td>0.777079</td>\n",
       "      <td>0.866357</td>\n",
       "      <td>0.840622</td>\n",
       "      <td>0.846863</td>\n",
       "      <td>0.883409</td>\n",
       "      <td>0.849171</td>\n",
       "      <td>0.906695</td>\n",
       "      <td>0.874951</td>\n",
       "      <td>0.843164</td>\n",
       "      <td>0.695528</td>\n",
       "    </tr>\n",
       "    <tr>\n",
       "      <th>is_iceberg_1</th>\n",
       "      <td>0.788489</td>\n",
       "      <td>1.000000</td>\n",
       "      <td>0.825168</td>\n",
       "      <td>0.832650</td>\n",
       "      <td>0.764660</td>\n",
       "      <td>0.978240</td>\n",
       "      <td>0.909754</td>\n",
       "      <td>0.967726</td>\n",
       "      <td>0.976358</td>\n",
       "      <td>0.985666</td>\n",
       "      <td>0.795878</td>\n",
       "      <td>0.974290</td>\n",
       "      <td>0.780589</td>\n",
       "      <td>0.797612</td>\n",
       "      <td>0.792764</td>\n",
       "      <td>0.963759</td>\n",
       "    </tr>\n",
       "    <tr>\n",
       "      <th>is_iceberg_2</th>\n",
       "      <td>0.903754</td>\n",
       "      <td>0.825168</td>\n",
       "      <td>1.000000</td>\n",
       "      <td>0.936891</td>\n",
       "      <td>0.896316</td>\n",
       "      <td>0.870566</td>\n",
       "      <td>0.787305</td>\n",
       "      <td>0.897936</td>\n",
       "      <td>0.873816</td>\n",
       "      <td>0.885217</td>\n",
       "      <td>0.915801</td>\n",
       "      <td>0.882325</td>\n",
       "      <td>0.894887</td>\n",
       "      <td>0.890504</td>\n",
       "      <td>0.850021</td>\n",
       "      <td>0.731127</td>\n",
       "    </tr>\n",
       "    <tr>\n",
       "      <th>is_iceberg_3</th>\n",
       "      <td>0.909394</td>\n",
       "      <td>0.832650</td>\n",
       "      <td>0.936891</td>\n",
       "      <td>1.000000</td>\n",
       "      <td>0.916323</td>\n",
       "      <td>0.878088</td>\n",
       "      <td>0.807111</td>\n",
       "      <td>0.906280</td>\n",
       "      <td>0.881942</td>\n",
       "      <td>0.893403</td>\n",
       "      <td>0.905280</td>\n",
       "      <td>0.888528</td>\n",
       "      <td>0.907026</td>\n",
       "      <td>0.909579</td>\n",
       "      <td>0.858254</td>\n",
       "      <td>0.736540</td>\n",
       "    </tr>\n",
       "    <tr>\n",
       "      <th>is_iceberg_4</th>\n",
       "      <td>0.911877</td>\n",
       "      <td>0.764660</td>\n",
       "      <td>0.896316</td>\n",
       "      <td>0.916323</td>\n",
       "      <td>1.000000</td>\n",
       "      <td>0.813224</td>\n",
       "      <td>0.745727</td>\n",
       "      <td>0.846075</td>\n",
       "      <td>0.815588</td>\n",
       "      <td>0.827610</td>\n",
       "      <td>0.873832</td>\n",
       "      <td>0.826943</td>\n",
       "      <td>0.898654</td>\n",
       "      <td>0.860399</td>\n",
       "      <td>0.809813</td>\n",
       "      <td>0.666032</td>\n",
       "    </tr>\n",
       "    <tr>\n",
       "      <th>is_iceberg_5</th>\n",
       "      <td>0.837945</td>\n",
       "      <td>0.978240</td>\n",
       "      <td>0.870566</td>\n",
       "      <td>0.878088</td>\n",
       "      <td>0.813224</td>\n",
       "      <td>1.000000</td>\n",
       "      <td>0.929634</td>\n",
       "      <td>0.995888</td>\n",
       "      <td>0.995855</td>\n",
       "      <td>0.989443</td>\n",
       "      <td>0.836300</td>\n",
       "      <td>0.998655</td>\n",
       "      <td>0.833979</td>\n",
       "      <td>0.842207</td>\n",
       "      <td>0.837531</td>\n",
       "      <td>0.918385</td>\n",
       "    </tr>\n",
       "    <tr>\n",
       "      <th>is_iceberg_6</th>\n",
       "      <td>0.777079</td>\n",
       "      <td>0.909754</td>\n",
       "      <td>0.787305</td>\n",
       "      <td>0.807111</td>\n",
       "      <td>0.745727</td>\n",
       "      <td>0.929634</td>\n",
       "      <td>1.000000</td>\n",
       "      <td>0.925903</td>\n",
       "      <td>0.930394</td>\n",
       "      <td>0.910586</td>\n",
       "      <td>0.770055</td>\n",
       "      <td>0.930699</td>\n",
       "      <td>0.768572</td>\n",
       "      <td>0.772101</td>\n",
       "      <td>0.795904</td>\n",
       "      <td>0.837976</td>\n",
       "    </tr>\n",
       "    <tr>\n",
       "      <th>is_iceberg_7</th>\n",
       "      <td>0.866357</td>\n",
       "      <td>0.967726</td>\n",
       "      <td>0.897936</td>\n",
       "      <td>0.906280</td>\n",
       "      <td>0.846075</td>\n",
       "      <td>0.995888</td>\n",
       "      <td>0.925903</td>\n",
       "      <td>1.000000</td>\n",
       "      <td>0.993788</td>\n",
       "      <td>0.989104</td>\n",
       "      <td>0.862721</td>\n",
       "      <td>0.998328</td>\n",
       "      <td>0.861152</td>\n",
       "      <td>0.865911</td>\n",
       "      <td>0.854785</td>\n",
       "      <td>0.897481</td>\n",
       "    </tr>\n",
       "    <tr>\n",
       "      <th>is_iceberg_8</th>\n",
       "      <td>0.840622</td>\n",
       "      <td>0.976358</td>\n",
       "      <td>0.873816</td>\n",
       "      <td>0.881942</td>\n",
       "      <td>0.815588</td>\n",
       "      <td>0.995855</td>\n",
       "      <td>0.930394</td>\n",
       "      <td>0.993788</td>\n",
       "      <td>1.000000</td>\n",
       "      <td>0.990342</td>\n",
       "      <td>0.839869</td>\n",
       "      <td>0.995284</td>\n",
       "      <td>0.836807</td>\n",
       "      <td>0.843195</td>\n",
       "      <td>0.844603</td>\n",
       "      <td>0.918995</td>\n",
       "    </tr>\n",
       "    <tr>\n",
       "      <th>is_iceberg_9</th>\n",
       "      <td>0.846863</td>\n",
       "      <td>0.985666</td>\n",
       "      <td>0.885217</td>\n",
       "      <td>0.893403</td>\n",
       "      <td>0.827610</td>\n",
       "      <td>0.989443</td>\n",
       "      <td>0.910586</td>\n",
       "      <td>0.989104</td>\n",
       "      <td>0.990342</td>\n",
       "      <td>1.000000</td>\n",
       "      <td>0.851691</td>\n",
       "      <td>0.989449</td>\n",
       "      <td>0.837772</td>\n",
       "      <td>0.851813</td>\n",
       "      <td>0.839002</td>\n",
       "      <td>0.929939</td>\n",
       "    </tr>\n",
       "    <tr>\n",
       "      <th>is_iceberg_10</th>\n",
       "      <td>0.883409</td>\n",
       "      <td>0.795878</td>\n",
       "      <td>0.915801</td>\n",
       "      <td>0.905280</td>\n",
       "      <td>0.873832</td>\n",
       "      <td>0.836300</td>\n",
       "      <td>0.770055</td>\n",
       "      <td>0.862721</td>\n",
       "      <td>0.839869</td>\n",
       "      <td>0.851691</td>\n",
       "      <td>1.000000</td>\n",
       "      <td>0.846915</td>\n",
       "      <td>0.884656</td>\n",
       "      <td>0.871002</td>\n",
       "      <td>0.848083</td>\n",
       "      <td>0.716374</td>\n",
       "    </tr>\n",
       "    <tr>\n",
       "      <th>is_iceberg_11</th>\n",
       "      <td>0.849171</td>\n",
       "      <td>0.974290</td>\n",
       "      <td>0.882325</td>\n",
       "      <td>0.888528</td>\n",
       "      <td>0.826943</td>\n",
       "      <td>0.998655</td>\n",
       "      <td>0.930699</td>\n",
       "      <td>0.998328</td>\n",
       "      <td>0.995284</td>\n",
       "      <td>0.989449</td>\n",
       "      <td>0.846915</td>\n",
       "      <td>1.000000</td>\n",
       "      <td>0.844055</td>\n",
       "      <td>0.851932</td>\n",
       "      <td>0.844265</td>\n",
       "      <td>0.908936</td>\n",
       "    </tr>\n",
       "    <tr>\n",
       "      <th>is_iceberg_12</th>\n",
       "      <td>0.906695</td>\n",
       "      <td>0.780589</td>\n",
       "      <td>0.894887</td>\n",
       "      <td>0.907026</td>\n",
       "      <td>0.898654</td>\n",
       "      <td>0.833979</td>\n",
       "      <td>0.768572</td>\n",
       "      <td>0.861152</td>\n",
       "      <td>0.836807</td>\n",
       "      <td>0.837772</td>\n",
       "      <td>0.884656</td>\n",
       "      <td>0.844055</td>\n",
       "      <td>1.000000</td>\n",
       "      <td>0.868167</td>\n",
       "      <td>0.836974</td>\n",
       "      <td>0.687208</td>\n",
       "    </tr>\n",
       "    <tr>\n",
       "      <th>is_iceberg_13</th>\n",
       "      <td>0.874951</td>\n",
       "      <td>0.797612</td>\n",
       "      <td>0.890504</td>\n",
       "      <td>0.909579</td>\n",
       "      <td>0.860399</td>\n",
       "      <td>0.842207</td>\n",
       "      <td>0.772101</td>\n",
       "      <td>0.865911</td>\n",
       "      <td>0.843195</td>\n",
       "      <td>0.851813</td>\n",
       "      <td>0.871002</td>\n",
       "      <td>0.851932</td>\n",
       "      <td>0.868167</td>\n",
       "      <td>1.000000</td>\n",
       "      <td>0.870605</td>\n",
       "      <td>0.712392</td>\n",
       "    </tr>\n",
       "    <tr>\n",
       "      <th>is_iceberg_14</th>\n",
       "      <td>0.843164</td>\n",
       "      <td>0.792764</td>\n",
       "      <td>0.850021</td>\n",
       "      <td>0.858254</td>\n",
       "      <td>0.809813</td>\n",
       "      <td>0.837531</td>\n",
       "      <td>0.795904</td>\n",
       "      <td>0.854785</td>\n",
       "      <td>0.844603</td>\n",
       "      <td>0.839002</td>\n",
       "      <td>0.848083</td>\n",
       "      <td>0.844265</td>\n",
       "      <td>0.836974</td>\n",
       "      <td>0.870605</td>\n",
       "      <td>1.000000</td>\n",
       "      <td>0.728222</td>\n",
       "    </tr>\n",
       "    <tr>\n",
       "      <th>is_iceberg_15</th>\n",
       "      <td>0.695528</td>\n",
       "      <td>0.963759</td>\n",
       "      <td>0.731127</td>\n",
       "      <td>0.736540</td>\n",
       "      <td>0.666032</td>\n",
       "      <td>0.918385</td>\n",
       "      <td>0.837976</td>\n",
       "      <td>0.897481</td>\n",
       "      <td>0.918995</td>\n",
       "      <td>0.929939</td>\n",
       "      <td>0.716374</td>\n",
       "      <td>0.908936</td>\n",
       "      <td>0.687208</td>\n",
       "      <td>0.712392</td>\n",
       "      <td>0.728222</td>\n",
       "      <td>1.000000</td>\n",
       "    </tr>\n",
       "  </tbody>\n",
       "</table>\n",
       "</div>"
      ],
      "text/plain": [
       "               is_iceberg_0  is_iceberg_1  is_iceberg_2  is_iceberg_3  \\\n",
       "is_iceberg_0       1.000000      0.788489      0.903754      0.909394   \n",
       "is_iceberg_1       0.788489      1.000000      0.825168      0.832650   \n",
       "is_iceberg_2       0.903754      0.825168      1.000000      0.936891   \n",
       "is_iceberg_3       0.909394      0.832650      0.936891      1.000000   \n",
       "is_iceberg_4       0.911877      0.764660      0.896316      0.916323   \n",
       "is_iceberg_5       0.837945      0.978240      0.870566      0.878088   \n",
       "is_iceberg_6       0.777079      0.909754      0.787305      0.807111   \n",
       "is_iceberg_7       0.866357      0.967726      0.897936      0.906280   \n",
       "is_iceberg_8       0.840622      0.976358      0.873816      0.881942   \n",
       "is_iceberg_9       0.846863      0.985666      0.885217      0.893403   \n",
       "is_iceberg_10      0.883409      0.795878      0.915801      0.905280   \n",
       "is_iceberg_11      0.849171      0.974290      0.882325      0.888528   \n",
       "is_iceberg_12      0.906695      0.780589      0.894887      0.907026   \n",
       "is_iceberg_13      0.874951      0.797612      0.890504      0.909579   \n",
       "is_iceberg_14      0.843164      0.792764      0.850021      0.858254   \n",
       "is_iceberg_15      0.695528      0.963759      0.731127      0.736540   \n",
       "\n",
       "               is_iceberg_4  is_iceberg_5  is_iceberg_6  is_iceberg_7  \\\n",
       "is_iceberg_0       0.911877      0.837945      0.777079      0.866357   \n",
       "is_iceberg_1       0.764660      0.978240      0.909754      0.967726   \n",
       "is_iceberg_2       0.896316      0.870566      0.787305      0.897936   \n",
       "is_iceberg_3       0.916323      0.878088      0.807111      0.906280   \n",
       "is_iceberg_4       1.000000      0.813224      0.745727      0.846075   \n",
       "is_iceberg_5       0.813224      1.000000      0.929634      0.995888   \n",
       "is_iceberg_6       0.745727      0.929634      1.000000      0.925903   \n",
       "is_iceberg_7       0.846075      0.995888      0.925903      1.000000   \n",
       "is_iceberg_8       0.815588      0.995855      0.930394      0.993788   \n",
       "is_iceberg_9       0.827610      0.989443      0.910586      0.989104   \n",
       "is_iceberg_10      0.873832      0.836300      0.770055      0.862721   \n",
       "is_iceberg_11      0.826943      0.998655      0.930699      0.998328   \n",
       "is_iceberg_12      0.898654      0.833979      0.768572      0.861152   \n",
       "is_iceberg_13      0.860399      0.842207      0.772101      0.865911   \n",
       "is_iceberg_14      0.809813      0.837531      0.795904      0.854785   \n",
       "is_iceberg_15      0.666032      0.918385      0.837976      0.897481   \n",
       "\n",
       "               is_iceberg_8  is_iceberg_9  is_iceberg_10  is_iceberg_11  \\\n",
       "is_iceberg_0       0.840622      0.846863       0.883409       0.849171   \n",
       "is_iceberg_1       0.976358      0.985666       0.795878       0.974290   \n",
       "is_iceberg_2       0.873816      0.885217       0.915801       0.882325   \n",
       "is_iceberg_3       0.881942      0.893403       0.905280       0.888528   \n",
       "is_iceberg_4       0.815588      0.827610       0.873832       0.826943   \n",
       "is_iceberg_5       0.995855      0.989443       0.836300       0.998655   \n",
       "is_iceberg_6       0.930394      0.910586       0.770055       0.930699   \n",
       "is_iceberg_7       0.993788      0.989104       0.862721       0.998328   \n",
       "is_iceberg_8       1.000000      0.990342       0.839869       0.995284   \n",
       "is_iceberg_9       0.990342      1.000000       0.851691       0.989449   \n",
       "is_iceberg_10      0.839869      0.851691       1.000000       0.846915   \n",
       "is_iceberg_11      0.995284      0.989449       0.846915       1.000000   \n",
       "is_iceberg_12      0.836807      0.837772       0.884656       0.844055   \n",
       "is_iceberg_13      0.843195      0.851813       0.871002       0.851932   \n",
       "is_iceberg_14      0.844603      0.839002       0.848083       0.844265   \n",
       "is_iceberg_15      0.918995      0.929939       0.716374       0.908936   \n",
       "\n",
       "               is_iceberg_12  is_iceberg_13  is_iceberg_14  is_iceberg_15  \n",
       "is_iceberg_0        0.906695       0.874951       0.843164       0.695528  \n",
       "is_iceberg_1        0.780589       0.797612       0.792764       0.963759  \n",
       "is_iceberg_2        0.894887       0.890504       0.850021       0.731127  \n",
       "is_iceberg_3        0.907026       0.909579       0.858254       0.736540  \n",
       "is_iceberg_4        0.898654       0.860399       0.809813       0.666032  \n",
       "is_iceberg_5        0.833979       0.842207       0.837531       0.918385  \n",
       "is_iceberg_6        0.768572       0.772101       0.795904       0.837976  \n",
       "is_iceberg_7        0.861152       0.865911       0.854785       0.897481  \n",
       "is_iceberg_8        0.836807       0.843195       0.844603       0.918995  \n",
       "is_iceberg_9        0.837772       0.851813       0.839002       0.929939  \n",
       "is_iceberg_10       0.884656       0.871002       0.848083       0.716374  \n",
       "is_iceberg_11       0.844055       0.851932       0.844265       0.908936  \n",
       "is_iceberg_12       1.000000       0.868167       0.836974       0.687208  \n",
       "is_iceberg_13       0.868167       1.000000       0.870605       0.712392  \n",
       "is_iceberg_14       0.836974       0.870605       1.000000       0.728222  \n",
       "is_iceberg_15       0.687208       0.712392       0.728222       1.000000  "
      ]
     },
     "execution_count": 14,
     "metadata": {},
     "output_type": "execute_result"
    }
   ],
   "source": [
    "concat_sub.corr()"
   ]
  },
  {
   "cell_type": "code",
   "execution_count": 18,
   "metadata": {},
   "outputs": [],
   "source": [
    "concat_sub['is_iceberg_max'] = concat_sub.iloc[:, 1:].max(axis=1)\n",
    "concat_sub['is_iceberg_min'] = concat_sub.iloc[:, 1:].min(axis=1)\n",
    "concat_sub['is_iceberg_mean'] = concat_sub.iloc[:, 1:].mean(axis=1)\n",
    "concat_sub['is_iceberg_median'] = concat_sub.iloc[:, 1:].median(axis=1)"
   ]
  },
  {
   "cell_type": "code",
   "execution_count": 19,
   "metadata": {},
   "outputs": [],
   "source": [
    "cutoff_lo = 0.8\n",
    "cutoff_hi = 0.2"
   ]
  },
  {
   "cell_type": "code",
   "execution_count": 20,
   "metadata": {},
   "outputs": [],
   "source": [
    "concat_sub['is_iceberg'] = np.where(np.all(concat_sub.iloc[:,1:6] > cutoff_lo, axis=1), \n",
    "                                    concat_sub['is_iceberg_max'], \n",
    "                                    np.where(np.all(concat_sub.iloc[:,1:6] < cutoff_hi, axis=1),\n",
    "                                             concat_sub['is_iceberg_min'], \n",
    "                                             concat_sub['is_iceberg_median']))\n",
    "concat_sub[['id', 'is_iceberg']].to_csv('stack_minmax_median.csv', \n",
    "                                        index=False, float_format='%.6f')"
   ]
  },
  {
   "cell_type": "code",
   "execution_count": 27,
   "metadata": {},
   "outputs": [],
   "source": [
    "result = []\n",
    "\n",
    "for _, row in concat_sub.iterrows():\n",
    "    name = row.id\n",
    "    row = row.copy().drop('id')\n",
    "    high_score_count = np.sum(row > 0.5)\n",
    "    low_score = len(row) - high_score_count\n",
    "    \n",
    "    if high_score_count > low_score:\n",
    "        score = np.max(row)\n",
    "    else:\n",
    "        score = np.min(row)\n",
    "        \n",
    "    result.append({\n",
    "        'id': name,\n",
    "        'is_iceberg': score,\n",
    "    })\n",
    "    \n",
    "df = pd.DataFrame.from_dict(result)\n",
    "df.to_csv('stack.csv', index=False, float_format='%.15f')"
   ]
  },
  {
   "cell_type": "code",
   "execution_count": 28,
   "metadata": {},
   "outputs": [
    {
     "data": {
      "text/html": [
       "<div>\n",
       "<style scoped>\n",
       "    .dataframe tbody tr th:only-of-type {\n",
       "        vertical-align: middle;\n",
       "    }\n",
       "\n",
       "    .dataframe tbody tr th {\n",
       "        vertical-align: top;\n",
       "    }\n",
       "\n",
       "    .dataframe thead th {\n",
       "        text-align: right;\n",
       "    }\n",
       "</style>\n",
       "<table border=\"1\" class=\"dataframe\">\n",
       "  <thead>\n",
       "    <tr style=\"text-align: right;\">\n",
       "      <th></th>\n",
       "      <th>id</th>\n",
       "      <th>is_iceberg</th>\n",
       "    </tr>\n",
       "  </thead>\n",
       "  <tbody>\n",
       "    <tr>\n",
       "      <th>0</th>\n",
       "      <td>5941774d</td>\n",
       "      <td>0.076846</td>\n",
       "    </tr>\n",
       "    <tr>\n",
       "      <th>1</th>\n",
       "      <td>4023181e</td>\n",
       "      <td>0.000113</td>\n",
       "    </tr>\n",
       "    <tr>\n",
       "      <th>2</th>\n",
       "      <td>b20200e4</td>\n",
       "      <td>0.000000</td>\n",
       "    </tr>\n",
       "    <tr>\n",
       "      <th>3</th>\n",
       "      <td>e7f018bb</td>\n",
       "      <td>0.999992</td>\n",
       "    </tr>\n",
       "    <tr>\n",
       "      <th>4</th>\n",
       "      <td>4371c8c3</td>\n",
       "      <td>0.013655</td>\n",
       "    </tr>\n",
       "  </tbody>\n",
       "</table>\n",
       "</div>"
      ],
      "text/plain": [
       "         id  is_iceberg\n",
       "0  5941774d    0.076846\n",
       "1  4023181e    0.000113\n",
       "2  b20200e4    0.000000\n",
       "3  e7f018bb    0.999992\n",
       "4  4371c8c3    0.013655"
      ]
     },
     "execution_count": 28,
     "metadata": {},
     "output_type": "execute_result"
    }
   ],
   "source": [
    "pd.read_csv('stack.csv').head()"
   ]
  },
  {
   "cell_type": "code",
   "execution_count": null,
   "metadata": {},
   "outputs": [],
   "source": []
  }
 ],
 "metadata": {
  "kernelspec": {
   "display_name": "Python 3",
   "language": "python",
   "name": "python3"
  },
  "language_info": {
   "codemirror_mode": {
    "name": "ipython",
    "version": 3
   },
   "file_extension": ".py",
   "mimetype": "text/x-python",
   "name": "python",
   "nbconvert_exporter": "python",
   "pygments_lexer": "ipython3",
   "version": "3.6.3"
  }
 },
 "nbformat": 4,
 "nbformat_minor": 2
}
